78
78
78
30.44373449087511

185 50 14 24.090081969909246

26/04/2023 185 50 14 24.090081969909246

26/04/2023 185 50 14 24.090081969909246
26/04/2023 185 50 14 24.090081969909246

26/04/2023 185 50 14 24.090081969909246
26/04/2023,185,50,14,24.090081969909246
26/04/2023, 185, 50, 14, 24.090081969909246
26/04/2023, 150, 50, 14, 15.22
2023-04-26, 185, 50, 14, 24.09
2023-04-26, 205, 60, 15, 39.92
2023-04-26, 185, 50, 14, 24.09

2023-04-26, 45, 45, 45, 3.33
456123798
2023-04-26, 7, 7, 7, 0.00
2023-04-26, 185, 50, 14, 24.09
2023-04-26, 205, 60, 15, 39.92
2023-04-26, 205, 60, 15, 39.92
Phone number: 815674238
2023-04-26, 78, 78, 78, 30.44
Phone number: 456123798
2023-04-26, 4, 7, 1, 0.00
Phone number: 579435
2023-04-26, 185, 50, 14, 24.09
2023-04-26, 205, 60, 15, 39.92
2023-04-26, 205, 60, 15, 39.92
Phone number: 816497352
